[[ 9 -7  5 -9 -9 -9  3 -9 -8 -4  8  2  9 -9  9 -9  9 -3 -9  0 -6 -8  5  1
  -9 -9  1  8  9 -7  9 -9]
 [-6 -9  4 -5  2  9  9  5 -1  9  9  9 -9  2  9 -9  9  3 -6 -3 -1  9  2 -5
  -9 -1 -9 -4 -3  5  4 -3]
 [ 9 -2 -9 -6 -9 -9  4 -9 -7 -3  9 -7 -9 -9  2 -9 -8  8  5  9  4 -9 -1  1
   4 -9 -4 -8 -9  1  1 -8]
 [-9  5  9 -9 -2 -3 -2 -9 -1 -9  4 -9 -9  8 -9  9  9 -9  1  1 -9 -3  4 -9
  -4  6 -9  0 -5  0 -9  4]
 [ 3 -1  0  6 -9 -9 -9 -6 -4  8 -1  9  9 -7  9  3 -9  9  7 -9  9  9 -1  3
   2  9  8  9 -9  0 -9  9]
 [ 9 -5  2  6  3  2 -2  9  9 -9  9 -9  2  9 -2 -9 -2  0  9  9 -3  4  9 -9
   1 -3 -9  9 -9 -9 -5 -2]
 [ 6  9  2 -9 -9 -4  0 -9  9  2  9  0  0  9  0 -9  9 -7 -1 -3  9  9 -1  9
  -5  7 -6  4 -9  1  8  9]
 [ 2 -6 -9  9 -9 -4 -8 -2  5  9 -9 -9  4  9  3 -4  2  5 -9 -9  0 -5 -3  9
   9 -8 -9  0  8 -9  8  0]]