[[ 7 -1  3 -6 -3 -6 -6 -1 -1 -3  4  4  5 -5  9  0  5  4 -8  0 -3 -8 -4  9
  -9 -2 -8 -1  8  2  1 -8]
 [-5 -1 -6 -9  5 -2 -9  1  6 -6 -6  7  3 -5  6  3  3 -7  2  4  7  9 -4  6
   5  2 -9 -7  8 -9  6  8]
 [ 1  0 -8  0 -9 -4  7 -4  0  0  4  2 -8 -9  3 -8  1  6  2  9  9 -3  2  2
   0 -9 -2 -6 -6 -4 -8  1]
 [-4  4  8 -6  7 -1  7 -5 -1 -7 -2 -5 -4  7 -3  7  9 -9 -8  4 -3  0 -5 -8
   5 -3 -7 -2 -7  1 -9  0]
 [-9  7 -4 -6  1  1 -9  3 -4  5  2  8 -2 -2 -5  8  9  3 -8  4  5 -9 -4  9
  -7 -4  0 -8  3  0 -7 -6]
 [ 9  4 -4  9  3  8 -4  6  4 -1  9 -1 -5  4  7 -2 -7 -4  6  9  0  4  8 -7
  -8 -4 -3  8 -4 -3  2 -8]
 [ 8  8 -7 -2 -8  5  9 -4  0  9  7 -9  0  9  3 -4  5 -4  4 -4  3  8 -3  9
  -8  1  3  5 -4  3 -1  5]
 [-7  3 -4  7 -1 -1  1  7 -4  8 -9 -5 -5  9  0  2  0  0 -4 -4 -9 -8  6  1
   4 -2 -6  9  8 -6 -1  0]]